[app/ui]
version = 9.1.2
modtime = 1705932462.414414100

[app/launcher]
version = 9.1.2
modtime = 1705932462.427899000
